2.0000000e+000  2.5991070e+000  3.0035652e+000  3.7769249e+000  4.7448773e+000  3.7448554e+000  2.1799550e+000  3.4437433e+000  2.6363841e+000  2.7586360e+000  3.5829058e+000
  2.0000000e+000  2.5408419e+000  3.8493648e+000  1.7081641e+000  1.9325717e+000  1.6163805e+000  2.9984615e+000  2.0342706e+000  2.8071497e+000  2.5368167e+000  4.0065340e+000
  2.0000000e+000  2.1019129e+000  1.8713829e+000  2.9466189e+000  5.6846804e+000  4.3526671e+000  2.9433991e+000  3.5094483e+000  3.1127541e+000  2.3269352e+000  2.8008866e+000
  2.0000000e+000  1.9795425e+000  2.5650022e+000  4.1416263e+000  4.1706091e+000  3.3251063e+000  2.8013689e+000  2.6218969e+000  3.0607854e+000  2.9747136e+000  3.0731628e+000
  2.0000000e+000  2.7570691e+000  3.2980890e+000  4.6336311e+000  2.3876652e+000  1.1276718e+000  2.3327548e+000  3.6854332e+000  2.4358078e+000  2.7552189e+000  2.7548405e+000
  2.0000000e+000  2.9569763e+000  4.9550876e+000  3.7008649e+000  3.4019101e+000  3.5458840e+000  2.3846117e+000  3.4665914e+000  2.4038624e+000  2.2874953e+000  2.8709787e+000
  2.0000000e+000  4.4849161e+000  4.0119409e+000  3.3903186e+000  3.1570486e+000  1.7093332e+000  3.6642039e+000  3.9909090e+000  3.6808450e+000  2.8398956e+000  2.9979744e+000
  2.0000000e+000  2.6883077e+000  3.5101768e+000  4.5240609e+000  2.2387618e+000  3.1125594e+000  2.1908284e+000  2.4850855e+000  3.7496572e+000  1.5318223e+000  5.3127055e+000
  1.0000000e+000  2.5865550e+000  3.7649027e+000  2.2390957e+000  4.8884648e+000  3.1945342e+000  2.6407934e+000  2.4411898e+000  2.8778448e+000  3.7622339e+000  2.6108380e+000
  2.0000000e+000  3.8713756e+000  3.1789003e+000  2.9697814e+000  2.8008027e+000  2.6553419e+000  2.8704654e+000  3.8744096e+000  2.1539393e+000  4.2383208e+000  3.6230321e+000
  2.0000000e+000  5.1128029e+000  2.5746508e+000  2.6898629e+000  2.6587738e+000  2.8941949e+000  2.7539021e+000  4.4461614e+000  4.1079243e+000  2.4832786e+000  4.3098416e+000
  2.0000000e+000  4.6254075e+000  3.1016565e+000  4.6007430e+000  3.3139405e+000  3.1863184e+000  2.9453136e+000  2.8163138e+000  4.0099340e+000  2.6280416e+000  3.2885935e+000
  1.0000000e+000  3.6208150e+000  3.7358819e+000  2.7790693e+000  3.5086768e+000  3.2904127e+000  4.0389229e+000  4.5134017e+000  2.3639248e+000  3.5712888e+000  2.2741618e+000
  2.0000000e+000  2.7828756e+000  1.7892394e+000  2.0012500e+000  2.7741045e+000  1.8985532e+000  2.5507529e+000  4.8916046e+000  3.3083057e+000  4.8840626e+000  4.0021483e+000
  2.0000000e+000  3.0114255e+000  3.8019416e+000  4.2254409e+000  3.6485327e+000  3.2761405e+000  1.0787000e+000  4.7431736e+000  3.1323933e+000  2.6695853e+000  3.5657403e+000
  2.0000000e+000  2.1230319e+000  3.6980967e+000  4.4251432e+000  3.1911059e+000  3.2859094e+000  3.8013833e+000  3.1940774e+000  2.3823336e+000  3.7273678e+000  3.2472379e+000
  2.0000000e+000  4.7460329e+000  4.9232269e+000  1.6161239e+000  3.8223016e+000  2.3586181e+000  3.6353237e+000  2.0656339e+000  3.1621374e+000  2.6400095e+000  2.8401099e+000
  2.0000000e+000  2.7654631e+000  2.8936102e+000  1.9879787e+000  1.3351359e+000  1.0128024e+000  1.0807641e+000  3.2243349e+000  2.2426672e+000  5.1937516e+000  2.8328440e+000
  2.0000000e+000  3.2443683e+000  3.3156121e+000  9.0409390e-001  1.0129107e+000  3.8505105e+000  3.2270100e+000  3.9311801e+000  2.5535929e+000  6.0499567e+000  2.2418320e+000
  2.0000000e+000  2.9746243e+000  4.3336382e+000  2.1580504e+000  4.0373818e+000  3.6517718e+000  9.4244909e-001  2.2523036e+000  3.0197065e+000  1.7548133e+000  2.5641356e+000
  2.0000000e+000  1.3168304e+000  2.7466231e+000  1.5741566e+000  4.1622231e+000  2.8021831e+000  3.4274084e+000  3.5408910e+000  3.9397474e+000  3.3175026e+000  3.4597151e+000
  1.0000000e+000  2.8398274e+000  3.2134687e+000  2.1798922e+000  2.7857811e+000  3.0642991e+000  3.7620444e+000  3.1455146e+000  2.9776796e+000  3.8696050e+000  4.8244459e+000
  2.0000000e+000  1.8914730e+000  5.0745962e+000  3.4610800e+000  4.0295237e+000  3.6409703e+000  3.3751985e+000  3.5522156e+000  4.8313140e+000  1.7493040e+000  4.8988917e+000
  2.0000000e+000  2.8705174e+000  2.3175450e+000  3.6567071e+000  1.8889958e+000  5.9206048e+000  2.4436638e+000  4.8511975e+000  1.4493027e+000  1.8174388e+000  4.3790561e+000
  2.0000000e+000  2.3541833e+000  1.6444015e+000  4.0335518e+000  3.5462243e+000  2.3821094e+000  4.3854689e+000  2.8803365e+000  2.8934703e+000  2.1835756e+000  3.7911931e+000
  2.0000000e+000  3.5621161e+000  3.7125535e+000  2.4057352e+000  3.1927637e+000  2.9994459e+000  3.3876948e+000  2.3951147e+000  2.3858727e+000  1.5619596e+000  1.5973568e+000
  2.0000000e+000  2.0889612e+000  2.6997229e+000  2.0150835e+000  3.8888221e+000  4.7472862e+000  4.1982308e+000  3.1712055e+000  2.4628238e+000  1.4115239e+000  4.3712276e+000
  2.0000000e+000  2.1334508e+000  2.5982167e+000  2.0705171e+000  2.6399164e+000  3.2178558e+000  3.5901448e+000  2.5212982e+000  2.5620622e+000  2.6908204e+000  2.5621587e+000
  2.0000000e+000  4.0015762e+000  2.3938611e+000  1.6025334e+000  2.8598375e+000  3.1440989e+000  3.0353595e+000  2.7386570e+000  2.5711204e+000  1.8092104e+000  2.2519288e+000
  2.0000000e+000  6.3087172e-001  3.1442532e+000  2.7506812e+000  7.1371829e-001  3.0282789e+000  2.6545748e+000  2.7887211e+000  2.3409858e+000  2.3119389e+000  2.9151728e+000
  2.0000000e+000  3.2283718e+000  4.1657804e+000  7.5581025e-001  2.8412879e+000  3.6658823e+000  3.4240556e+000  3.0284333e+000  2.3249257e+000  2.7192996e+000  2.2176462e+000
  2.0000000e+000  3.8345312e+000  2.9401349e+000  2.6492685e+000  3.0048905e+000  2.5406368e+000  1.9521785e+000 -5.6278849e-001  5.4008116e+000  1.2299986e+000  2.9123906e+000
  1.0000000e+000  2.9198957e+000  3.8946136e+000  1.4554388e+000  1.5141576e+000  2.2146956e+000  2.3638799e+000  3.0974576e+000  3.3978400e+000  3.7627239e+000  2.2973477e+000
  2.0000000e+000  1.2543201e+000  5.7404205e-001  2.6801313e+000  2.3751042e+000  4.3421413e+000  2.9138653e+000  4.2074621e+000  3.3231832e+000  3.7259658e+000  4.2766701e+000
  2.0000000e+000  2.6848114e+000  3.2812032e+000  2.7834383e+000  3.1802529e+000  2.2207096e+000  7.7629137e-001  3.9675464e+000  1.1924676e+000  5.5839792e-001  4.4104217e+000
  1.0000000e+000  3.0915295e+000  5.1382262e+000  3.0330977e+000  3.0025913e+000  4.8231528e+000  3.1857884e+000  2.3750264e+000  3.1324541e+000  3.4968349e+000  4.8018451e+000
  2.0000000e+000  1.3425639e+000  2.5050961e+000  2.1999190e+000  3.3460838e+000  3.9977090e+000  2.2511108e+000  4.0675942e+000  9.4624183e-001  3.4180320e+000  3.7044787e+000
  2.0000000e+000  3.6100026e+000  2.9367460e+000  3.2663167e+000  2.9775920e+000  3.6279690e+000  4.3995430e+000  4.1356021e+000  3.4647997e+000  2.3317172e+000  2.9999879e+000
  2.0000000e+000  3.0528826e+000  1.8565228e+000  2.4184914e+000  1.4777460e+000  3.3841496e+000  1.8256299e+000  3.3885622e+000  6.0400559e-001  4.9040091e+000  3.0682480e+000
  2.0000000e+000  3.4423321e+000  2.9768054e+000  3.7801199e+000  3.2243414e+000  2.7509992e+000  4.0180460e+000  5.2806149e+000  3.2551360e+000  2.6418693e+000  4.7811894e+000
  2.0000000e+000  4.1797406e+000  3.5818811e+000  2.5163695e+000  2.7693509e+000  4.3224048e+000  4.8082818e+000  2.0091837e+000  4.1840693e+000  1.1126031e+000  2.8958905e+000
  2.0000000e+000  8.0758215e-001  2.9666036e+000  2.6345888e+000  2.8891988e+000  3.4530962e+000  4.0715375e+000  3.0543148e+000  3.0649412e+000  2.7878965e+000  1.5092918e+000
  2.0000000e+000  3.8298999e+000  3.0484926e+000  2.4528139e+000  1.4811632e+000  2.6117157e+000  2.3548505e+000  2.3568274e+000  1.9900172e+000  2.5125922e+000  4.4926509e+000
  1.0000000e+000  2.8684115e+000  3.4333185e+000  2.7749674e+000  3.0589425e+000  1.4502219e-001  2.2262388e+000  3.1031890e+000  3.9801590e+000  3.1557411e+000  3.1567278e+000
  2.0000000e+000  2.4012576e+000  2.5537657e+000  2.2345857e+000  1.5787779e+000  3.5725865e+000  4.0136702e+000  4.7765038e+000  3.1273466e+000  1.9455821e+000  4.3309007e+000
  2.0000000e+000  2.0140985e+000  2.1241876e+000  4.1483831e+000  3.4951909e+000  2.8330322e+000  2.3889901e+000  3.6431512e+000  4.1073909e+000  2.9932438e+000  2.8158634e+000
  2.0000000e+000  1.7342642e+000  1.3431010e+000  3.5399272e+000  2.9825992e+000  1.5809339e+000  2.7293499e+000  1.7792198e+000  2.1458185e+000  3.2111694e+000  2.8640583e+000
  2.0000000e+000  3.3671875e+000  1.1795542e+000  1.8417676e+000  3.7910996e+000  3.0608141e+000  3.4080716e+000  2.8688240e+000  2.0005339e+000  1.4074877e+000  1.6205057e+000
  2.0000000e+000  4.4368958e+000  1.0995398e+000  3.6854656e+000  3.4639458e+000  2.4767727e+000  2.7008210e+000  1.8249562e+000  4.6273973e+000  3.6305268e+000  2.0357646e+000
  1.0000000e+000  2.8131707e+000  1.8510901e+000  2.9141091e+000  3.0520468e+000  2.8383192e+000  1.5256839e+000  2.1460307e+000  3.4294722e+000  3.1341220e+000  2.1281675e+000
  2.0000000e+000  1.9726810e+000  5.2438623e+000  1.2062349e+000  4.3760433e+000  2.3313606e+000  1.2266384e+000  3.2976825e+000  3.1479376e+000  2.4778894e+000  5.4076235e-001
  2.0000000e+000  3.6724783e+000  2.7362685e+000  3.8387327e+000  4.7399221e+000  3.4220332e+000  2.0380214e+000  2.4900229e+000  3.4038482e+000  2.2040345e+000  2.6443893e+000
  2.0000000e+000  2.3580578e+000  3.4093718e+000  4.9316475e+000  4.4090220e+000  4.0477565e+000  2.4577808e+000  3.9200056e+000  4.5926749e+000  1.5749869e+000  3.8271887e+000
  1.0000000e+000  3.3623351e+000  5.1591281e+000  1.3352145e+000  4.7287322e+000  3.0623363e+000  3.3392867e+000  2.7278681e+000  2.7855956e+000  3.5603101e+000  2.3145417e+000
  2.0000000e+000  4.1894910e+000  2.9875626e+000  2.2026155e+000  2.5597150e+000  5.0118575e+000  3.9843958e+000  3.7691874e+000  4.7495939e+000  2.1358623e+000  2.6860807e+000
  2.0000000e+000  1.8094311e+000  2.6458642e+000  3.3927156e+000  1.2870767e+000  2.2401584e+000  1.6874079e+000  2.1000268e+000  4.8490200e+000  2.1562772e+000  1.7296859e+000
  2.0000000e+000  4.2108573e+000  3.3248259e+000  2.0571928e+000  2.5878386e+000  5.0209868e+000  2.1671075e+000  3.3021142e+000  3.5920795e+000  1.4799140e+000  2.2028044e+000
  1.0000000e+000  2.9830643e+000  3.2532681e+000  4.0632131e+000  3.7661479e+000  2.8499079e+000  4.8968588e+000  2.2390376e+000  2.6407818e+000  3.0517615e+000  3.0583664e+000
  1.0000000e+000  2.6623895e+000  3.1555900e+000  2.7103804e+000  3.1467398e+000  1.7083626e+000  1.6322726e+000  3.8664250e+000  8.7983344e-001  3.0119531e+000  3.3243928e+000
  2.0000000e+000  1.1770160e+000  3.1669858e+000  2.1953724e+000  1.4810614e+000  2.9643581e+000  9.7285384e-001  3.1510351e+000  2.2818374e+000  2.0119428e+000  2.1731045e+000
  2.0000000e+000  3.1214488e+000  5.0887340e+000  1.5147459e+000  2.1682739e+000  3.5041754e+000  3.8267908e+000  3.7924028e+000  3.8296483e+000  2.8205354e+000  4.0593640e+000
  2.0000000e+000  2.3021989e+000  2.2369383e+000  3.0840897e+000  3.5467842e+000  2.5400924e+000  1.4472438e+000  3.4466094e+000  4.5875650e+000  3.9898081e+000  2.8616375e+000
  2.0000000e+000  4.0697500e+000  2.4200043e+000  2.0602593e+000  3.8310094e+000  1.8370483e+000  3.6535426e+000  4.7474640e+000  2.6931087e+000  2.7249640e+000  4.3207180e+000
  2.0000000e+000  3.6953261e+000  3.7447647e+000  2.4361377e+000  2.4655971e+000  2.8481736e+000  1.9028774e+000  2.1493086e+000  1.6575310e+000  4.5201972e+000  2.3289530e+000
  2.0000000e+000  3.9785384e+000  3.1086034e+000  4.5239159e+000  2.4165458e+000  3.6319509e+000  5.0463130e+000  3.9461018e+000  2.9976859e+000  2.4799913e+000  2.8484561e+000
  2.0000000e+000  2.2683410e+000  2.5997873e+000  2.1008197e+000  3.4882929e+000  3.4940101e+000  3.5315610e+000  4.1988161e+000  1.6179158e+000  2.2845943e+000  2.2975049e+000
  2.0000000e+000  3.3247393e+000  4.7960252e+000  3.8828255e+000  4.6779294e-001  3.3551726e+000  3.3533755e+000  3.5144360e+000  1.5217133e+000  4.2233534e+000  2.3090707e+000
  1.0000000e+000  2.6588892e+000  3.4648071e+000  1.6957462e+000  3.6503937e+000  3.9296442e+000  2.1192998e+000  3.7242291e+000  1.8488886e+000  3.0241592e+000  4.5236833e+000
  1.0000000e+000  3.5868678e+000  2.6905015e+000  1.6613323e+000  2.3976900e+000  1.1790918e+000  1.9058143e+000  3.4221917e+000  4.7709796e+000  3.3452237e+000  2.7920755e+000
  2.0000000e+000  1.8397342e+000  2.6518693e+000  1.7266147e+000  2.4904487e+000  3.1750113e+000  1.7671427e+000  3.2021667e+000  2.6455766e+000  3.5641008e+000  3.1904024e+000
  2.0000000e+000  2.7475470e+000  3.8931718e+000  1.4816235e+000  3.5597335e+000  3.5272612e+000  3.8799531e+000  3.4990057e+000  2.6649006e+000  4.0672652e+000  2.5217873e+000
  2.0000000e+000  2.7750806e+000  3.5400812e+000  1.9726894e+000  2.6877199e+000  3.8068444e+000  1.4164557e+000  2.5407126e+000  2.2435191e+000  1.7314215e+000  2.6355354e+000
  1.0000000e+000  3.3500173e+000  4.4859493e+000  3.0135427e+000  3.3760384e+000  1.5905879e+000  1.8613244e+000  3.9854199e+000  4.0005600e+000  3.5654756e+000  3.7631991e+000
  2.0000000e+000  3.8714005e+000  3.1577939e+000  4.1885875e+000  4.4126110e+000  2.2851170e+000  3.8282824e+000  2.0536281e+000  2.3118675e+000  3.6853074e+000  3.2399423e+000
  2.0000000e+000  4.0506884e+000  4.2506438e+000  2.8850579e+000  3.0844903e+000  2.6250619e+000  4.0106868e+000  8.8389144e-001  3.8306954e+000  2.6782362e+000  4.2413329e+000
  2.0000000e+000  4.0582210e+000  1.8146043e+000  1.0685459e+000  6.5478990e-001  4.4151083e+000  3.8828452e+000  4.8908042e+000  1.5293488e+000  3.1946805e+000  1.6474183e+000
  2.0000000e+000  1.5885290e+000  2.8419425e+000  2.0480923e+000  2.4296423e+000  2.1008923e+000  2.4390810e+000  2.3066152e+000  1.5070493e+000  4.1530887e+000  1.4488598e+000
  2.0000000e+000  1.9427520e+000  8.1874673e-001  2.4909832e+000  4.1164583e+000  2.0487799e+000  2.6596367e+000  3.0289009e+000  1.6019746e+000  4.5905448e+000  2.5619753e+000
  2.0000000e+000  3.6403783e+000  3.4000945e+000  3.2008157e+000  2.2030126e+000  1.8595628e+000  2.1128862e+000  3.6682855e+000  2.9634552e+000  3.1777408e-001  4.5478222e+000
  2.0000000e+000  2.5040786e+000  2.0231850e+000  2.0017178e+000  2.9413464e+000  3.2412362e+000  1.5876299e+000  1.1823712e+000  3.7906462e+000  1.3237534e+000  3.5308322e+000
  1.0000000e+000  2.9907717e+000  3.7242151e+000  1.2111079e+000  4.5067854e+000  3.2440534e+000  2.7158631e+000  2.3830903e+000  3.7761477e+000  3.8654067e+000  2.6350033e+000
  2.0000000e+000  2.4679169e+000  1.1609244e+000  5.0610322e+000  2.6437412e+000  4.3330457e+000  3.3998046e+000  3.5597858e+000  3.1665296e+000  3.2645590e+000  4.4297086e+000
  2.0000000e+000  4.3239027e+000  3.2983356e+000  3.1829136e+000  2.7617367e+000  4.3011031e+000  2.3100829e+000  3.3927047e+000  2.5932317e+000  2.5888625e+000  5.8701607e+000
  2.0000000e+000  3.0596374e+000  3.2236976e+000  3.3424123e+000  2.9399042e+000  3.4367819e+000  2.2996908e+000  1.6707463e+000  2.0129875e+000  4.9300332e+000  2.6756948e+000
  2.0000000e+000  2.4401766e+000  2.8184777e+000  1.7624663e+000  2.3691471e+000  1.4814375e+000  2.5484793e+000  4.0032412e+000  3.2075861e+000  2.4402792e+000  1.9981012e+000
  2.0000000e+000  3.3321114e+000  4.2298392e+000  4.0119472e+000  2.6332835e+000  2.7232869e+000  3.1119727e+000  1.7576232e+000  1.6968717e+000  1.1201232e+000  2.1334792e+000
  2.0000000e+000  2.4286372e+000  3.0333952e+000  1.8189408e+000  2.9332481e+000  4.6342906e+000  3.1650898e+000  1.4931763e+000  2.9315806e+000  1.8382481e+000  5.6738018e+000
  2.0000000e+000  4.3465070e+000  3.5233177e+000  2.9292110e+000  2.7915325e+000  1.7416883e+000  2.2626594e+000  4.1679471e+000  1.7659981e+000  4.8022882e+000  2.2478546e+000
  2.0000000e+000  3.8715110e+000  2.7567752e+000  5.0217429e+000  1.9505115e+000  4.0278721e+000  3.5849019e+000  3.7156109e+000  4.1943486e+000  1.6906480e+000  3.5607850e+000
  2.0000000e+000  4.3342659e+000  4.5654909e+000  3.9144410e+000  3.9239387e+000  2.7818329e+000  3.4663166e+000  4.2710917e+000  2.1366940e+000  2.8600871e+000  2.3975347e+000
  2.0000000e+000  1.6479977e+000  3.7044687e+000  3.1950515e+000  2.9478855e+000  3.2167278e+000  1.8742319e+000  4.2033729e+000  3.3778996e+000  3.3867543e+000  1.6181435e+000
  1.0000000e+000  3.1293193e+000  3.5302900e+000  2.3841080e+000  2.1337085e+000  2.1752320e+000  3.3941219e+000  3.1938048e+000  2.4423847e+000  3.3832444e+000  3.1836858e+000
  1.0000000e+000  3.6378668e+000  3.6835107e+000  3.5548713e+000  3.3056494e+000  3.9251908e+000  1.0573417e+000  1.9339096e+000  2.3416012e+000  3.3406859e+000  1.6369861e+000
  2.0000000e+000  2.6237432e+000  2.2851355e+000  1.6556438e+000  1.5773254e+000  4.4960673e+000  2.4761124e+000  3.1737184e+000  3.6898170e+000  2.1085863e+000  1.3210742e+000
  1.0000000e+000  2.3311892e+000  2.6326165e+000  2.7065805e+000  4.3676047e+000  3.3409734e+000  3.7256180e+000  2.9109408e+000  3.4351717e+000  3.1178633e+000  3.4168060e+000
  1.0000000e+000  3.2310118e+000  2.2385151e+000  2.9503468e+000  3.8814320e+000  2.8509703e+000  3.5528872e+000  3.0004373e+000  4.4349543e+000  3.2843284e+000  2.5694185e+000
  1.0000000e+000  2.6823852e+000  2.1557065e+000  2.3656898e+000  3.7060537e+000  2.7388647e+000  4.0523698e+000  3.5167279e+000  3.9591934e+000  3.6631586e+000  2.8905546e+000
  1.0000000e+000  3.3351097e+000  1.8739916e+000  1.4864802e+000  4.2346936e+000  4.0586420e+000  4.5203260e+000  2.9182030e+000  3.7757184e+000  3.8946324e+000  4.6608575e+000
  2.0000000e+000  3.3216644e+000  2.7921390e+000  2.8802164e+000  2.7629676e+000  4.2700201e+000  3.3269952e+000  4.1143025e+000  3.8561440e+000  2.2258427e+000  2.6806022e+000
  2.0000000e+000  3.1831713e+000  1.6951536e+000  3.0632660e+000  3.8915457e+000  2.6196178e+000  2.8081206e+000  3.3133194e+000  2.6157577e+000  4.1027404e+000  2.2917195e+000
