Large Dataset ~ 3:20 minute runtime (Forward)

This dataset has 40 features with 1000 Instances:

features set {} with accuracy: 0.81
features set {27} with accuracy: 0.847
features set {27,1} with accuracy: 0.955

Warning: accuracy decreasing, continuing search...

features set {27,1,15} with accuracy: 0.949
features set {27,1,15,19} with accuracy: 0.928
features set {27,1,15,19,38} with accuracy: 0.894
features set {27,1,15,19,38,22} with accuracy: 0.864
features set {27,1,15,19,38,22,16} with accuracy: 0.837
features set {27,1,15,19,38,22,16,37} with accuracy: 0.809
features set {27,1,15,19,38,22,16,37,34} with accuracy: 0.811
features set {27,1,15,19,38,22,16,37,34,18} with accuracy: 0.795
features set {27,1,15,19,38,22,16,37,34,18,5} with accuracy: 0.781
features set {27,1,15,19,38,22,16,37,34,18,5,10} with accuracy: 0.773
features set {27,1,15,19,38,22,16,37,34,18,5,10,7} with accuracy: 0.769
features set {27,1,15,19,38,22,16,37,34,18,5,10,7,25} with accuracy: 0.769
features set {27,1,15,19,38,22,16,37,34,18,5,10,7,25,8} with accuracy: 0.775
features set {27,1,15,19,38,22,16,37,34,18,5,10,7,25,8,32} with accuracy: 0.769
features set {27,1,15,19,38,22,16,37,34,18,5,10,7,25,8,32,6} with accuracy: 0.771
features set {27,1,15,19,38,22,16,37,34,18,5,10,7,25,8,32,6,17} with accuracy: 0.766
features set {27,1,15,19,38,22,16,37,34,18,5,10,7,25,8,32,6,17,13} with accuracy: 0.752
features set {27,1,15,19,38,22,16,37,34,18,5,10,7,25,8,32,6,17,13,3} with accuracy: 0.753
features set {27,1,15,19,38,22,16,37,34,18,5,10,7,25,8,32,6,17,13,3,36} with accuracy: 0.745
features set {27,1,15,19,38,22,16,37,34,18,5,10,7,25,8,32,6,17,13,3,36,28} with accuracy: 0.745
features set {27,1,15,19,38,22,16,37,34,18,5,10,7,25,8,32,6,17,13,3,36,28,20} with accuracy: 0.745
features set {27,1,15,19,38,22,16,37,34,18,5,10,7,25,8,32,6,17,13,3,36,28,20,33} with accuracy: 0.746
features set {27,1,15,19,38,22,16,37,34,18,5,10,7,25,8,32,6,17,13,3,36,28,20,33,21} with accuracy: 0.741
features set {27,1,15,19,38,22,16,37,34,18,5,10,7,25,8,32,6,17,13,3,36,28,20,33,21,9} with accuracy: 0.737
features set {27,1,15,19,38,22,16,37,34,18,5,10,7,25,8,32,6,17,13,3,36,28,20,33,21,9,30} with accuracy: 0.731
features set {27,1,15,19,38,22,16,37,34,18,5,10,7,25,8,32,6,17,13,3,36,28,20,33,21,9,30,26} with accuracy: 0.729
features set {27,1,15,19,38,22,16,37,34,18,5,10,7,25,8,32,6,17,13,3,36,28,20,33,21,9,30,26,24} with accuracy: 0.729
features set {27,1,15,19,38,22,16,37,34,18,5,10,7,25,8,32,6,17,13,3,36,28,20,33,21,9,30,26,24,12} with accuracy: 0.729
features set {27,1,15,19,38,22,16,37,34,18,5,10,7,25,8,32,6,17,13,3,36,28,20,33,21,9,30,26,24,12,35} with accuracy: 0.733
features set {27,1,15,19,38,22,16,37,34,18,5,10,7,25,8,32,6,17,13,3,36,28,20,33,21,9,30,26,24,12,35,14} with accuracy: 0.728
features set {27,1,15,19,38,22,16,37,34,18,5,10,7,25,8,32,6,17,13,3,36,28,20,33,21,9,30,26,24,12,35,14,40} with accuracy: 0.731
features set {27,1,15,19,38,22,16,37,34,18,5,10,7,25,8,32,6,17,13,3,36,28,20,33,21,9,30,26,24,12,35,14,40,23} with accuracy: 0.733
features set {27,1,15,19,38,22,16,37,34,18,5,10,7,25,8,32,6,17,13,3,36,28,20,33,21,9,30,26,24,12,35,14,40,23,39} with accuracy: 0.727
features set {27,1,15,19,38,22,16,37,34,18,5,10,7,25,8,32,6,17,13,3,36,28,20,33,21,9,30,26,24,12,35,14,40,23,39,4} with accuracy: 0.729
features set {27,1,15,19,38,22,16,37,34,18,5,10,7,25,8,32,6,17,13,3,36,28,20,33,21,9,30,26,24,12,35,14,40,23,39,4,31} with accuracy: 0.713
features set {27,1,15,19,38,22,16,37,34,18,5,10,7,25,8,32,6,17,13,3,36,28,20,33,21,9,30,26,24,12,35,14,40,23,39,4,31,2} with accuracy: 0.704
features set {27,1,15,19,38,22,16,37,34,18,5,10,7,25,8,32,6,17,13,3,36,28,20,33,21,9,30,26,24,12,35,14,40,23,39,4,31,2,11} with accuracy: 0.702
features set {27,1,15,19,38,22,16,37,34,18,5,10,7,25,8,32,6,17,13,3,36,28,20,33,21,9,30,26,24,12,35,14,40,23,39,4,31,2,11,29} with accuracy: 0.694

the best feature subset is features set {27,1} with accuracy: 0.955



Large Dataset ~ 4:10 minute runtime (Backward)

This dataset has 40 features with 1000 Instances:

features set {1,2,3,4,5,6,7,8,9,10,11,12,13,14,15,16,17,18,19,20,21,22,23,24,25,26,27,28,29,30,31,32,33,34,35,36,37,38,39,40} with accuracy: 0.694
features set {1,2,3,4,5,6,7,8,9,10,11,12,13,14,15,16,17,18,19,20,22,23,24,25,26,27,28,29,30,31,32,33,34,35,36,37,38,39,40} with accuracy: 0.704
features set {1,2,3,4,5,7,8,9,10,11,12,13,14,15,16,17,18,19,20,22,23,24,25,26,27,28,29,30,31,32,33,34,35,36,37,38,39,40} with accuracy: 0.714
features set {1,2,3,4,5,7,8,9,10,11,12,13,14,15,16,17,18,19,20,22,23,24,25,26,27,28,29,30,31,32,34,35,36,37,38,39,40} with accuracy: 0.717
features set {1,2,3,4,5,7,8,9,10,11,12,13,14,15,17,18,19,20,22,23,24,25,26,27,28,29,30,31,32,34,35,36,37,38,39,40} with accuracy: 0.726
features set {1,2,3,4,5,7,8,9,10,11,12,13,14,15,17,18,19,20,22,23,24,25,26,27,28,29,30,31,34,35,36,37,38,39,40} with accuracy: 0.735
features set {1,2,3,4,5,8,9,10,11,12,13,14,15,17,18,19,20,22,23,24,25,26,27,28,29,30,31,34,35,36,37,38,39,40} with accuracy: 0.737
features set {1,2,3,5,8,9,10,11,12,13,14,15,17,18,19,20,22,23,24,25,26,27,28,29,30,31,34,35,36,37,38,39,40} with accuracy: 0.739
features set {1,2,3,5,8,9,10,11,12,13,14,15,17,18,19,20,22,23,24,25,26,27,28,29,30,31,34,35,36,37,38,40} with accuracy: 0.739
features set {1,2,3,5,9,10,11,12,13,14,15,17,18,19,20,22,23,24,25,26,27,28,29,30,31,34,35,36,37,38,40} with accuracy: 0.741
features set {1,2,3,5,9,10,11,12,13,15,17,18,19,20,22,23,24,25,26,27,28,29,30,31,34,35,36,37,38,40} with accuracy: 0.745

Warning: accuracy decreasing, continuing search...

features set {1,2,3,5,9,10,11,12,13,15,17,18,19,20,22,23,24,26,27,28,29,30,31,34,35,36,37,38,40} with accuracy: 0.742
features set {1,2,3,5,9,10,11,12,13,15,17,18,19,20,22,23,24,27,28,29,30,31,34,35,36,37,38,40} with accuracy: 0.747
features set {1,2,3,5,9,10,11,12,13,15,17,19,20,22,23,24,27,28,29,30,31,34,35,36,37,38,40} with accuracy: 0.749
features set {1,2,3,5,9,10,11,12,13,15,19,20,22,23,24,27,28,29,30,31,34,35,36,37,38,40} with accuracy: 0.751
features set {1,2,3,5,9,10,11,12,13,15,19,20,22,23,24,27,28,30,31,34,35,36,37,38,40} with accuracy: 0.765
features set {1,2,3,5,9,10,11,12,13,15,19,20,23,24,27,28,30,31,34,35,36,37,38,40} with accuracy: 0.765
features set {1,2,3,5,9,10,11,12,13,15,19,20,23,24,27,28,30,31,34,35,37,38,40} with accuracy: 0.761
features set {1,2,3,5,9,10,11,12,13,15,19,20,23,24,27,28,30,34,35,37,38,40} with accuracy: 0.758
features set {2,3,5,9,10,11,12,13,15,19,20,23,24,27,28,30,34,35,37,38,40} with accuracy: 0.761
features set {2,3,5,9,10,11,12,13,15,19,20,23,24,27,28,30,34,35,37,40} with accuracy: 0.763
features set {2,3,5,9,10,11,12,13,19,20,23,24,27,28,30,34,35,37,40} with accuracy: 0.766
features set {2,3,9,10,11,12,13,19,20,23,24,27,28,30,34,35,37,40} with accuracy: 0.768
features set {2,3,9,10,11,12,13,20,23,24,27,28,30,34,35,37,40} with accuracy: 0.771
features set {2,9,10,11,12,13,20,23,24,27,28,30,34,35,37,40} with accuracy: 0.776
features set {2,9,10,11,13,20,23,24,27,28,30,34,35,37,40} with accuracy: 0.769
features set {2,9,10,11,13,20,24,27,28,30,34,35,37,40} with accuracy: 0.767
features set {2,9,10,11,13,20,24,27,28,30,34,35,40} with accuracy: 0.768
features set {2,9,10,11,13,20,24,27,28,30,35,40} with accuracy: 0.775
features set {2,9,10,11,20,24,27,28,30,35,40} with accuracy: 0.775
features set {2,9,10,11,24,27,28,30,35,40} with accuracy: 0.779
features set {9,10,11,24,27,28,30,35,40} with accuracy: 0.783
features set {9,10,11,24,27,28,30,40} with accuracy: 0.767
features set {9,10,11,27,28,30,40} with accuracy: 0.774
features set {9,10,11,27,28,40} with accuracy: 0.785
features set {10,11,27,28,40} with accuracy: 0.792
features set {10,11,27,40} with accuracy: 0.822
features set {11,27,40} with accuracy: 0.835
features set {27,40} with accuracy: 0.826
features set {27} with accuracy: 0.847
features set {} with accuracy: 0.81

the best feature subset is features set {27} with accuracy: 0.847


~~~~~~~~~~~~~~~~~~~~~~~~~~~~~~~~~~~~~~~~~~~~~~~~~~~~~~~~~~~~~~~~~~~~~~~~~~~~~~~~~~~~~~~~~~~~~~~~~~~~


Large Custom Dataset ~ 3:17 minute runtime (Forward)

This dataset has 40 features with 1000 Instances:

features set {} with accuracy: 0.173
features set {20} with accuracy: 0.853
features set {20,40} with accuracy: 0.97

Warning: accuracy decreasing, continuing search...

features set {20,40,30} with accuracy: 0.95
features set {20,40,30,39} with accuracy: 0.919
features set {20,40,30,39,15} with accuracy: 0.89
features set {20,40,30,39,15,31} with accuracy: 0.868
features set {20,40,30,39,15,31,14} with accuracy: 0.846
features set {20,40,30,39,15,31,14,6} with accuracy: 0.841
features set {20,40,30,39,15,31,14,6,19} with accuracy: 0.825
features set {20,40,30,39,15,31,14,6,19,5} with accuracy: 0.82
features set {20,40,30,39,15,31,14,6,19,5,1} with accuracy: 0.809
features set {20,40,30,39,15,31,14,6,19,5,1,9} with accuracy: 0.793
features set {20,40,30,39,15,31,14,6,19,5,1,9,33} with accuracy: 0.795
features set {20,40,30,39,15,31,14,6,19,5,1,9,33,24} with accuracy: 0.793
features set {20,40,30,39,15,31,14,6,19,5,1,9,33,24,16} with accuracy: 0.782
features set {20,40,30,39,15,31,14,6,19,5,1,9,33,24,16,25} with accuracy: 0.776
features set {20,40,30,39,15,31,14,6,19,5,1,9,33,24,16,25,21} with accuracy: 0.775
features set {20,40,30,39,15,31,14,6,19,5,1,9,33,24,16,25,21,4} with accuracy: 0.775
features set {20,40,30,39,15,31,14,6,19,5,1,9,33,24,16,25,21,4,29} with accuracy: 0.774
features set {20,40,30,39,15,31,14,6,19,5,1,9,33,24,16,25,21,4,29,7} with accuracy: 0.767
features set {20,40,30,39,15,31,14,6,19,5,1,9,33,24,16,25,21,4,29,7,32} with accuracy: 0.764
features set {20,40,30,39,15,31,14,6,19,5,1,9,33,24,16,25,21,4,29,7,32,38} with accuracy: 0.763
features set {20,40,30,39,15,31,14,6,19,5,1,9,33,24,16,25,21,4,29,7,32,38,27} with accuracy: 0.764
features set {20,40,30,39,15,31,14,6,19,5,1,9,33,24,16,25,21,4,29,7,32,38,27,12} with accuracy: 0.755
features set {20,40,30,39,15,31,14,6,19,5,1,9,33,24,16,25,21,4,29,7,32,38,27,12,13} with accuracy: 0.755
features set {20,40,30,39,15,31,14,6,19,5,1,9,33,24,16,25,21,4,29,7,32,38,27,12,13,18} with accuracy: 0.752
features set {20,40,30,39,15,31,14,6,19,5,1,9,33,24,16,25,21,4,29,7,32,38,27,12,13,18,17} with accuracy: 0.745
features set {20,40,30,39,15,31,14,6,19,5,1,9,33,24,16,25,21,4,29,7,32,38,27,12,13,18,17,11} with accuracy: 0.742
features set {20,40,30,39,15,31,14,6,19,5,1,9,33,24,16,25,21,4,29,7,32,38,27,12,13,18,17,11,8} with accuracy: 0.74
features set {20,40,30,39,15,31,14,6,19,5,1,9,33,24,16,25,21,4,29,7,32,38,27,12,13,18,17,11,8,28} with accuracy: 0.745
features set {20,40,30,39,15,31,14,6,19,5,1,9,33,24,16,25,21,4,29,7,32,38,27,12,13,18,17,11,8,28,2} with accuracy: 0.738
features set {20,40,30,39,15,31,14,6,19,5,1,9,33,24,16,25,21,4,29,7,32,38,27,12,13,18,17,11,8,28,2,22} with accuracy: 0.741
features set {20,40,30,39,15,31,14,6,19,5,1,9,33,24,16,25,21,4,29,7,32,38,27,12,13,18,17,11,8,28,2,22,35} with accuracy: 0.726
features set {20,40,30,39,15,31,14,6,19,5,1,9,33,24,16,25,21,4,29,7,32,38,27,12,13,18,17,11,8,28,2,22,35,10} with accuracy: 0.721
features set {20,40,30,39,15,31,14,6,19,5,1,9,33,24,16,25,21,4,29,7,32,38,27,12,13,18,17,11,8,28,2,22,35,10,34} with accuracy: 0.711
features set {20,40,30,39,15,31,14,6,19,5,1,9,33,24,16,25,21,4,29,7,32,38,27,12,13,18,17,11,8,28,2,22,35,10,34,36} with accuracy: 0.712
features set {20,40,30,39,15,31,14,6,19,5,1,9,33,24,16,25,21,4,29,7,32,38,27,12,13,18,17,11,8,28,2,22,35,10,34,36,26} with accuracy: 0.709
features set {20,40,30,39,15,31,14,6,19,5,1,9,33,24,16,25,21,4,29,7,32,38,27,12,13,18,17,11,8,28,2,22,35,10,34,36,26,3} with accuracy: 0.706
features set {20,40,30,39,15,31,14,6,19,5,1,9,33,24,16,25,21,4,29,7,32,38,27,12,13,18,17,11,8,28,2,22,35,10,34,36,26,3,37} with accuracy: 0.693
features set {20,40,30,39,15,31,14,6,19,5,1,9,33,24,16,25,21,4,29,7,32,38,27,12,13,18,17,11,8,28,2,22,35,10,34,36,26,3,37,23} with accuracy: 0.678

the best feature subset is features set {20,40} with accuracy: 0.97



Large Custom Dataset ~ 4:00 minute runtime (Backward)

This dataset has 40 features with 1000 Instances:

features set {1,2,3,4,5,6,7,8,9,10,11,12,13,14,15,16,17,18,19,20,21,22,23,24,25,26,27,28,29,30,31,32,33,34,35,36,37,38,39,40} with accuracy: 0.678
features set {1,3,4,5,6,7,8,9,10,11,12,13,14,15,16,17,18,19,20,21,22,23,24,25,26,27,28,29,30,31,32,33,34,35,36,37,38,39,40} with accuracy: 0.7
features set {1,3,4,5,6,7,8,9,10,11,12,13,15,16,17,18,19,20,21,22,23,24,25,26,27,28,29,30,31,32,33,34,35,36,37,38,39,40} with accuracy: 0.716
features set {1,3,4,5,6,7,8,9,10,11,12,13,15,16,17,18,19,20,21,22,23,24,25,26,27,28,29,30,31,32,33,34,35,36,38,39,40} with accuracy: 0.735
features set {1,3,4,5,6,7,8,9,10,11,12,13,16,17,18,19,20,21,22,23,24,25,26,27,28,29,30,31,32,33,34,35,36,38,39,40} with accuracy: 0.74

Warning: accuracy decreasing, continuing search...

features set {1,3,4,5,6,7,8,9,10,11,12,13,16,17,18,19,20,21,22,23,24,25,26,27,28,29,30,31,32,33,34,35,36,38,40} with accuracy: 0.738
features set {1,3,4,5,6,7,8,9,10,11,12,13,16,17,18,19,20,21,22,23,24,25,27,28,29,30,31,32,33,34,35,36,38,40} with accuracy: 0.741
features set {1,3,4,5,6,7,8,9,10,11,12,13,16,17,18,19,20,21,22,23,24,25,27,28,29,31,32,33,34,35,36,38,40} with accuracy: 0.746
features set {1,3,4,5,6,7,8,9,10,11,12,13,16,17,18,19,20,21,22,23,24,25,27,29,31,32,33,34,35,36,38,40} with accuracy: 0.747
features set {1,3,4,5,6,7,8,9,10,11,12,13,16,17,18,19,20,21,22,23,24,25,29,31,32,33,34,35,36,38,40} with accuracy: 0.753
features set {1,3,4,5,6,7,8,9,10,11,12,13,17,18,19,20,21,22,23,24,25,29,31,32,33,34,35,36,38,40} with accuracy: 0.752
features set {1,3,4,5,6,7,8,9,10,11,12,13,17,18,19,20,21,22,23,24,25,29,31,32,33,34,35,36,38} with accuracy: 0.754
features set {1,3,4,6,7,8,9,10,11,12,13,17,18,19,20,21,22,23,24,25,29,31,32,33,34,35,36,38} with accuracy: 0.759
features set {1,4,6,7,8,9,10,11,12,13,17,18,19,20,21,22,23,24,25,29,31,32,33,34,35,36,38} with accuracy: 0.759
features set {1,4,6,7,8,9,10,11,12,13,18,19,20,21,22,23,24,25,29,31,32,33,34,35,36,38} with accuracy: 0.758
features set {1,4,6,8,9,10,11,12,13,18,19,20,21,22,23,24,25,29,31,32,33,34,35,36,38} with accuracy: 0.753
features set {1,4,6,8,9,10,11,12,13,18,19,20,21,22,23,24,25,29,32,33,34,35,36,38} with accuracy: 0.751
features set {1,4,6,8,9,10,11,12,13,18,19,20,21,22,23,25,29,32,33,34,35,36,38} with accuracy: 0.747
features set {1,4,6,8,9,10,11,12,13,18,19,20,21,22,25,29,32,33,34,35,36,38} with accuracy: 0.747
features set {1,4,8,9,10,11,12,13,18,19,20,21,22,25,29,32,33,34,35,36,38} with accuracy: 0.748
features set {1,4,8,9,10,11,12,13,18,19,20,21,22,25,29,33,34,35,36,38} with accuracy: 0.762
features set {1,4,8,9,10,11,12,13,18,19,20,21,22,25,29,33,35,36,38} with accuracy: 0.761
features set {1,4,8,9,10,11,12,13,18,19,20,21,22,25,29,35,36,38} with accuracy: 0.771
features set {1,4,8,9,10,11,12,13,18,19,20,21,22,29,35,36,38} with accuracy: 0.78
features set {1,4,8,9,11,12,13,18,19,20,21,22,29,35,36,38} with accuracy: 0.782
features set {1,4,8,9,11,12,13,18,19,20,21,22,35,36,38} with accuracy: 0.777
features set {1,4,8,11,12,13,18,19,20,21,22,35,36,38} with accuracy: 0.789
features set {1,4,8,11,12,13,18,19,20,22,35,36,38} with accuracy: 0.789
features set {1,4,8,11,12,13,18,19,20,22,36,38} with accuracy: 0.798
features set {1,4,8,11,12,13,18,19,20,36,38} with accuracy: 0.794
features set {4,8,11,12,13,18,19,20,36,38} with accuracy: 0.797
features set {4,8,11,12,18,19,20,36,38} with accuracy: 0.805
features set {4,8,11,12,18,19,20,36} with accuracy: 0.802
features set {4,8,11,12,18,20,36} with accuracy: 0.8
features set {8,11,12,18,20,36} with accuracy: 0.802
features set {11,12,18,20,36} with accuracy: 0.814
features set {11,12,20,36} with accuracy: 0.826
features set {12,20,36} with accuracy: 0.845
features set {12,20} with accuracy: 0.856
features set {20} with accuracy: 0.853
features set {} with accuracy: 0.173

the best feature subset is features set {12,20} with accuracy: 0.856
